16.90513927
12.74538322
12.38574186
11.7759858
11.68861643
11.64490261
11.59425087
11.46915347
11.4
11.39311124
11.34127071
11.29584745
11.28054615
11.09595303
10.96877117
10.93714182
10.93471509
10.90321682
10.8924595
10.81896596
10.72440561
10.65240306
10.61094484
10.60397415
10.59842891
10.57512289
10.5664828
10.54816858
10.54185691
10.5390315
10.53374659
10.53261424
10.52109958
10.51579829
10.50527763
10.49450392
10.48997634
10.48918624
10.46402331
10.44164574
10.44147461
10.4299108
10.42827417
10.42498453
10.40607501
10.40416166
10.39541599
10.39355908
10.36042418
10.34801384
10.34009831
10.32362462
10.31875478
10.31717459
10.2916694
10.28864009
10.28805389
10.27811943
10.27553796
10.27411251
10.26340434
10.22956854
10.2278591
10.22629529
10.2242272
10.20760605
10.20603496
10.20516294
10.20399054
10.1956927
10.19091207
10.18788276
10.1830457
10.1780375
10.15899873
10.15331513
10.14504096
10.13298926
10.11526125
10.10658839
10.10324959
10.10276898
10.10149099
10.09394138
10.08906427
10.08323321
10.07966685
10.07841253
10.07632806
10.07395777
10.06255781
10.06254142
10.05617332
10.05610778
10.04519571
10.03789915
10.03414528
10.03349354
10.03065174
10.02572547
10.02543237
10.0173621
10.0076552
10.00071728
9.997744403
9.988672858
9.987240128
9.98495176
9.982940108
9.97550519
9.974675045
9.972353908
9.963868563
9.957085385
9.955317678
9.943200438
9.936572003
9.928689243
9.915781905
9.91371382
9.913265978
9.908876755
9.893437105
9.89195522
9.891702168
9.887451303
9.887125433
9.883338795
9.882581468
9.88182414
9.878583655
9.877052615
9.875090118
9.872890953
9.86729656
9.86101038
9.85615693
9.85456035
9.850733665
9.846987075
9.843469875
9.838656473
9.83130348
9.830578923
9.829308213
9.817777173
9.802231935
9.792199165
9.790496998
9.78768797
9.787516843
9.78462589
9.784471148
9.783298748
9.776002188
9.761392683
9.760513383
9.75557073
9.754381945
9.739756055
9.739430185
9.733608233
9.730872023
9.729683238
9.72645003
9.726018573
9.725008193
9.71491899
9.709528495
9.703819408
9.689397415
9.683282363
9.677931915
9.674829788
9.67316039
9.67244311
9.67006554
9.66856727
9.667256513
9.65250865
9.645627163
9.641685783
9.641254325
9.636555618
9.628738398
9.6179483
9.617826328
9.615709088
9.614316405
9.613803023
9.60886037
9.608363373
9.607500458
9.605334063
9.602818135
9.602663393
9.60032587
9.597671585
9.592426725
9.59156381
9.590154743
9.589959953
9.587842713
9.587223743
9.586759515
9.585969418
9.585659933
9.580888408
9.578086658
9.571376298
9.56892591
9.566881488
9.566539233
9.562712548
9.562133625
9.560806483
9.551800478
9.546693975
9.544869835
9.544128893
9.543852178
9.542166395
9.539878028
9.538909525
9.537809943
9.536140545
9.529634083
9.52671036
9.5258966
9.514813403
9.509373753
9.507207358
9.50521209
9.50364828
9.503509923
9.50306208
9.502077193
9.499047883
9.49860004
9.498192245
9.49791553
9.496246133
9.494698708
9.49342072
9.49224832
9.489495725
9.48820863
9.484096123
9.48312762
9.482011653
9.479861643
9.47879483
9.476930643
9.476914258
9.472060808
9.47013108
9.467411255
9.46407246
9.460269438
9.459927183
9.455106503
9.45426725
9.454056075
9.452679778
9.451026765
9.449584928
9.4494138
9.448257785
9.446499185
9.440635355
9.433917718
9.425228475
9.42123794
9.420285823
9.417019845
9.41638449
9.415024578
9.411840525
9.409723285
9.407434918
9.407158203
9.404609505
9.40430002
9.402304753
9.402044423
9.400855638
9.399601313
9.398485345
9.397760788
9.39700346
9.396865103
9.396466415
9.39547242
9.395350448
9.394454763
9.39068451
9.3888276
9.383697435
9.383005648
9.379552158
9.37947934
9.3761897
9.369894413
9.365936648
9.36039141
9.355643548
9.350480613
9.346832333
9.344747863
9.34335518
9.33921901
9.331873295
9.330562538
9.330203898
9.328949573
9.326653928
9.32586383
9.322597853
9.321995268
9.32133625
9.316311673
9.315587115
9.315488805
9.313575463
9.310529768
9.3091207
9.3067759
9.304764248
9.304576735
9.30283452
9.301751323
9.29951211
9.29710177
9.295057348
9.290668125
9.282956493
9.281287095
9.281148738
9.280049155
9.278103043
9.277378485
9.27488622
9.274520303
9.27097761
9.27035864
9.269324598
9.2682414
9.265880215
9.265399603
9.264780633
9.26104315
9.259943568
9.259821595
9.259788825
9.259462955
9.256792285
9.255554345
9.25524486
9.252288368
9.250081925
9.2497069
9.247069
9.246400875
9.240961225
9.23944657
9.237793558
9.23400692
9.232093578
9.229104315
9.22850173
9.226604773
9.226278903
9.222337523
9.218135813
9.21403969
9.21338795
9.211906065
9.210822868
9.209340983
9.20758966
9.20609139
9.203526308
9.203371565
9.201612965
9.201181508
9.19798107
9.196344443
9.193184053
9.19153104
9.189202625
9.187728018
9.18762243
9.186621158
9.18436556
9.18280175
9.182370293
9.18188968
9.177280175
9.176522848
9.17576552
9.173762975
9.173542693
9.172907338
9.168843985
9.166262518
9.159015113
9.153591848
9.151319865
9.14889314
9.1485345
9.147964685
9.147549613
9.14309485
9.142752595
9.141580195
9.13980521
9.138070273
9.137484073
9.13732933
9.13247588
9.127997455
9.124797018
9.121784093
9.11977244
9.119169855
9.117312945
9.11433279
9.112028038
9.110342255
9.108346988
9.10739487
9.106848718
9.105676318
9.101441838
9.099617698
9.095920263
9.092321138
9.091115968
9.087704355
9.08485345
9.084210818
9.081734938
9.081718553
9.081066813
9.077638815
9.073664665
9.07215001
9.071767708
9.06674313
9.06667759
9.06641726
9.064421993
9.06159658
9.058722013
9.057345715
9.052525035
9.052492265
9.051197893
9.048152198
9.045521575
9.04345349
9.040928455
9.034194433
9.032785365
9.030253053
9.019357368
9.018225015
9.016433645
9.012630623
9.010773713
9.007190973
9.006897873
9.00583106
8.999242673
8.998461683
8.996213363
8.99459312
8.993078465
8.990114695
8.979137085
8.974178048
8.969259058
8.968379758
8.961425453
8.95973967
8.955366833
8.953835793
8.942923723
8.942647008
8.941978883
8.940171128
8.93061897
8.921221555
8.920839253
8.914283635
8.898705628
8.89703623
8.895456035
8.892850905
8.886368105
8.885610778
8.880309485
8.871083198
8.86273621
8.857467688
8.850236668
8.84830694
8.844642275
8.834935375
8.829291828
8.828982343
8.828290555
8.826947028
8.818811215
8.818518115
8.813884948
8.81218278
8.808445298
8.801547425
8.79697069
8.794349175
8.788550885
8.788396143
8.78465866
8.780375025
8.766229748
8.764968145
8.760993995
8.742696163
8.737533228
8.70612416
8.691409068
8.680220283
8.670464228
8.665073733
8.660016385
8.651938835
8.625814675
8.621132353
8.620440565
8.614731478
8.586726745
8.536637543
8.314438378
8.30368105