17.676856
13.51709994
13.15745858
12.54770252
12.46033315
12.41661933
12.36596759
12.24087019
12.17171672
12.16482796
12.11298743
12.06756417
12.05226287
11.86766975
11.74048789
11.70885854
11.70643181
11.67493354
11.66417622
11.59068268
11.49612233
11.42411979
11.38266156
11.37569087
11.37014563
11.34683961
11.33819952
11.31988531
11.31357363
11.31074822
11.30546331
11.30433096
11.2928163
11.28751501
11.27699435
11.26622064
11.26169306
11.26090296
11.23574003
11.21336246
11.21319133
11.20162752
11.19999089
11.19670125
11.17779173
11.17587838
11.16713271
11.1652758
11.1321409
11.11973056
11.11181503
11.09534134
11.09047151
11.08889131
11.06338612
11.06035681
11.05977061
11.04983615
11.04725468
11.04582923
11.03512106
11.00128526
10.99957582
10.99801201
10.99594393
10.97932277
10.97775168
10.97687966
10.97570726
10.96740942
10.96262879
10.95959948
10.95476242
10.94975422
10.93071545
10.92503186
10.91675768
10.90470599
10.88697797
10.87830511
10.87496631
10.8744857
10.87320772
10.8656581
10.86078099
10.85494993
10.85138358
10.85012925
10.84804478
10.84567449
10.83427453
10.83425814
10.82789004
10.8278245
10.81691243
10.80961587
10.805862
10.80521026
10.80236846
10.7974422
10.7971491
10.78907882
10.77937192
10.772434
10.76946112
10.76038958
10.75895685
10.75666848
10.75465683
10.74722191
10.74639177
10.74407063
10.73558528
10.72880211
10.7270344
10.71491716
10.70828872
10.70040596
10.68749863
10.68543054
10.6849827
10.68059348
10.66515383
10.66367194
10.66341889
10.65916802
10.65884215
10.65505552
10.65429819
10.65354086
10.65030038
10.64876934
10.64680684
10.64460767
10.63901328
10.6327271
10.62787365
10.62627707
10.62245039
10.6187038
10.6151866
10.61037319
10.6030202
10.60229565
10.60102493
10.58949389
10.57394866
10.56391589
10.56221372
10.55940469
10.55923356
10.55634261
10.55618787
10.55501547
10.54771891
10.5331094
10.5322301
10.52728745
10.52609867
10.51147278
10.51114691
10.50532496
10.50258875
10.50139996
10.49816675
10.4977353
10.49672491
10.48663571
10.48124522
10.47553613
10.46111414
10.45499908
10.44964864
10.44654651
10.44487711
10.44415983
10.44178226
10.44028399
10.43897324
10.42422537
10.41734388
10.4134025
10.41297105
10.40827234
10.40045512
10.38966502
10.38954305
10.38742581
10.38603313
10.38551974
10.38057709
10.38008009
10.37921718
10.37705078
10.37453486
10.37438011
10.37204259
10.36938831
10.36414345
10.36328053
10.36187146
10.36167668
10.35955944
10.35894047
10.35847624
10.35768614
10.35737665
10.35260513
10.34980338
10.34309302
10.34064263
10.33859821
10.33825595
10.33442927
10.33385035
10.3325232
10.3235172
10.3184107
10.31658656
10.31584561
10.3155689
10.31388312
10.31159475
10.31062625
10.30952666
10.30785727
10.3013508
10.29842708
10.29761332
10.28653013
10.28109048
10.27892408
10.27692881
10.275365
10.27522664
10.2747788
10.27379392
10.27076461
10.27031676
10.26990897
10.26963225
10.26796285
10.26641543
10.26513744
10.26396504
10.26121245
10.25992535
10.25581284
10.25484434
10.25372837
10.25157836
10.25051155
10.24864737
10.24863098
10.24377753
10.2418478
10.23912798
10.23578918
10.23198616
10.2316439
10.22682323
10.22598397
10.2257728
10.2243965
10.22274349
10.22130165
10.22113052
10.21997451
10.21821591
10.21235208
10.20563444
10.1969452
10.19295466
10.19200255
10.18873657
10.18810121
10.1867413
10.18355725
10.18144001
10.17915164
10.17887492
10.17632623
10.17601674
10.17402147
10.17376114
10.17257236
10.17131803
10.17020207
10.16947751
10.16872018
10.16858182
10.16818314
10.16718914
10.16706717
10.16617148
10.16240123
10.16054432
10.15541416
10.15472237
10.15126888
10.15119606
10.14790642
10.14161113
10.13765337
10.13210813
10.12736027
10.12219733
10.11854905
10.11646458
10.1150719
10.11093573
10.10359002
10.10227926
10.10192062
10.10066629
10.09837065
10.09758055
10.09431457
10.09371199
10.09305297
10.08802839
10.08730384
10.08720553
10.08529218
10.08224649
10.08083742
10.07849262
10.07648097
10.07629346
10.07455124
10.07346804
10.07122883
10.06881849
10.06677407
10.06238485
10.05467321
10.05300382
10.05286546
10.05176588
10.04981976
10.04909521
10.04660294
10.04623703
10.04269433
10.04207536
10.04104132
10.03995812
10.03759694
10.03711632
10.03649735
10.03275987
10.03166029
10.03153832
10.03150555
10.03117968
10.02850901
10.02727107
10.02696158
10.02400509
10.02179865
10.02142362
10.01878572
10.0181176
10.01267795
10.01116329
10.00951028
10.00572364
10.0038103
10.00082104
10.00021845
9.998321495
9.997995625
9.994054245
9.989852535
9.985756412
9.985104672
9.983622787
9.98253959
9.981057705
9.979306382
9.977808112
9.97524303
9.975088287
9.973329687
9.97289823
9.969697792
9.968061165
9.964900775
9.963247762
9.960919347
9.95944474
9.959339152
9.95833788
9.956082282
9.954518472
9.954087015
9.953606402
9.948996897
9.94823957
9.947482242
9.945479697
9.945259415
9.94462406
9.940560707
9.93797924
9.930731835
9.92530857
9.923036587
9.920609862
9.920251222
9.919681407
9.919266335
9.914811572
9.914469317
9.913296917
9.911521932
9.909786995
9.909200795
9.909046052
9.904192602
9.899714177
9.89651374
9.893500815
9.891489162
9.890886577
9.889029667
9.886049512
9.88374476
9.882058977
9.88006371
9.879111592
9.87856544
9.87739304
9.87315856
9.87133442
9.867636985
9.86403786
9.86283269
9.859421077
9.856570172
9.85592754
9.85345166
9.853435275
9.852783535
9.849355537
9.845381387
9.843866732
9.84348443
9.838459852
9.838394312
9.838133982
9.836138715
9.833313302
9.830438735
9.829062437
9.824241757
9.824208987
9.822914615
9.81986892
9.817238297
9.815170212
9.812645177
9.805911155
9.804502087
9.801969775
9.79107409
9.789941737
9.788150367
9.784347345
9.782490435
9.778907695
9.778614595
9.777547782
9.770959395
9.770178405
9.767930085
9.766309842
9.764795187
9.761831417
9.750853807
9.74589477
9.74097578
9.74009648
9.733142175
9.731456392
9.727083555
9.725552515
9.714640445
9.71436373
9.713695605
9.71188785
9.702335692
9.692938277
9.692555975
9.686000357
9.67042235
9.668752952
9.667172757
9.664567627
9.658084827
9.6573275
9.652026207
9.64279992
9.634452932
9.62918441
9.62195339
9.620023662
9.616358997
9.606652097
9.60100855
9.600699065
9.600007277
9.59866375
9.590527937
9.590234837
9.58560167
9.583899502
9.58016202
9.573264147
9.568687412
9.566065897
9.560267607
9.560112865
9.556375382
9.552091747
9.53794647
9.536684867
9.532710717
9.514412885
9.50924995
9.477840882
9.46312579
9.451937005
9.44218095
9.436790455
9.431733107
9.423655557
9.397531397
9.392849075
9.392157288
9.3864482
9.358443467
9.308354265
9.0861551
9.075397772