2013.041667	6.044310909
2013.125	6.045087644
2013.208333	6.045864379
2013.291667	6.046641114
2013.375	6.047417849
2013.458333	6.048194584
2013.541667	6.048971319
2013.625	6.049748053
2013.708333	6.050524788
2013.791667	6.051301523
2013.875	6.052078258
2013.958333	6.052854993
2014.041667	6.053631728
2014.125	6.054408463
2014.208333	6.055185197
2014.291667	6.055961932
2014.375	6.056738667
2014.458333	6.057515402
2014.541667	6.058292137
2014.625	6.059068872
2014.708333	6.059845607
2014.791667	6.060622341
2014.875	6.061399076
2014.958333	6.062175811
2015.041667	6.062952546
2015.125	6.063729281
2015.208333	6.064506016
2015.291667	6.065282751
2015.375	6.066059485
2015.458333	6.06683622
2015.541667	6.067612955
2015.625	6.06838969
2015.708333	6.069166425
2015.791667	6.06994316
2015.875	6.070719894
2015.958333	6.071496629
2016.041667	6.072273364
2016.125	6.073050099
2016.208333	6.073826834
2016.291667	6.074603569
2016.375	6.075380304
2016.458333	6.076157038
2016.541667	6.076933773
2016.625	6.077710508
2016.708333	6.078487243
2016.791667	6.079263978
2016.875	6.080040713
2016.958333	6.080817448
2017.041667	6.081594182
2017.125	6.082370917
2017.208333	6.083147652
2017.291667	6.083924387
2017.375	6.084701122
2017.458333	6.085477857
2017.541667	6.086254592
2017.625	6.087031326
2017.708333	6.087808061
2017.791667	6.088584796
2017.875	6.089361531
2017.958333	6.090138266
2018.041667	6.090915001
2018.125	6.091691736
2018.208333	6.09246847
2018.291667	6.093245205
2018.375	6.09402194
2018.458333	6.094798675
2018.541667	6.09557541
2018.625	6.096352145
2018.708333	6.09712888
2018.791667	6.097905614
2018.875	6.098682349
2018.958333	6.099459084
2019.041667	6.100235819
2019.125	6.101012554
2019.208333	6.101789289
2019.291667	6.102566024
2019.375	6.103342758
2019.458333	6.104119493
2019.541667	6.104896228
2019.625	6.105672963
2019.708333	6.106449698
2019.791667	6.107226433
2019.875	6.108003168
2019.958333	6.108779902
2020.041667	6.109556637
2020.125	6.110333372
2020.208333	6.111110107
2020.291667	6.111886842
2020.375	6.112663577
2020.458333	6.113440312
2020.541667	6.114217046
2020.625	6.114993781
2020.708333	6.115770516
2020.791667	6.116547251
2020.875	6.117323986
2020.958333	6.118100721
2021.041667	6.118877456
2021.125	6.11965419
2021.208333	6.120430925
2021.291667	6.12120766
2021.375	6.121984395
2021.458333	6.12276113
2021.541667	6.123537865
2021.625	6.1243146
2021.708333	6.125091334
2021.791667	6.125868069
2021.875	6.126644804
2021.958333	6.127421539
2022.041667	6.128198274
2022.125	6.128975009
2022.208333	6.129751743
2022.291667	6.130528478
2022.375	6.131305213
2022.458333	6.132081948
2022.541667	6.132858683
2022.625	6.133635418
2022.708333	6.134412153
2022.791667	6.135188887
2022.875	6.135965622
2022.958333	6.136742357
2023.041667	6.137519092
2023.125	6.138295827
2023.208333	6.139072562
2023.291667	6.139849297
2023.375	6.140626031
2023.458333	6.141402766
2023.541667	6.142179501
2023.625	6.142956236
2023.708333	6.143732971
2023.791667	6.144509706
2023.875	6.145286441
2023.958333	6.146063175
2024.041667	6.14683991
2024.125	6.147616645
2024.208333	6.14839338
2024.291667	6.149170115
2024.375	6.14994685
2024.458333	6.150723585
2024.541667	6.151500319
2024.625	6.152277054
2024.708333	6.153053789
2024.791667	6.153830524
2024.875	6.154607259
2024.958333	6.155383994
2025.041667	6.156160729
2025.125	6.156937463
2025.208333	6.157714198
2025.291667	6.158490933
2025.375	6.159267668
2025.458333	6.160044403
2025.541667	6.160821138
2025.625	6.161597873
2025.708333	6.162374607
2025.791667	6.163151342
2025.875	6.163928077
2025.958333	6.164704812
2026.041667	6.165481547
2026.125	6.166258282
2026.208333	6.167035017
2026.291667	6.167811751
2026.375	6.168588486
2026.458333	6.169365221
2026.541667	6.170141956
2026.625	6.170918691
2026.708333	6.171695426
2026.791667	6.172472161
2026.875	6.173248895
2026.958333	6.17402563
2027.041667	6.174802365
2027.125	6.1755791
2027.208333	6.176355835
2027.291667	6.17713257
2027.375	6.177909305
2027.458333	6.178686039
2027.541667	6.179462774
2027.625	6.180239509
2027.708333	6.181016244
2027.791667	6.181792979
2027.875	6.182569714
2027.958333	6.183346449
2028.041667	6.184123183
2028.125	6.184899918
2028.208333	6.185676653
2028.291667	6.186453388
2028.375	6.187230123
2028.458333	6.188006858
2028.541667	6.188783592
2028.625	6.189560327
2028.708333	6.190337062
2028.791667	6.191113797
2028.875	6.191890532
2028.958333	6.192667267
2029.041667	6.193444002
2029.125	6.194220736
2029.208333	6.194997471
2029.291667	6.195774206
2029.375	6.196550941
2029.458333	6.197327676
2029.541667	6.198104411
2029.625	6.198881146
2029.708333	6.19965788
2029.791667	6.200434615
2029.875	6.20121135
2029.958333	6.201988085
2030.041667	6.20276482
2030.125	6.203541555
2030.208333	6.20431829
2030.291667	6.205095024
2030.375	6.205871759
2030.458333	6.206648494
2030.541667	6.207425229
2030.625	6.208201964
2030.708333	6.208978699
2030.791667	6.209755434
2030.875	6.210532168
2030.958333	6.211308903
2031.041667	6.212085638
2031.125	6.212862373
2031.208333	6.213639108
2031.291667	6.214415843
2031.375	6.215192578
2031.458333	6.215969312
2031.541667	6.216746047
2031.625	6.217522782
2031.708333	6.218299517
2031.791667	6.219076252
2031.875	6.219852987
2031.958333	6.220629722
2032.041667	6.221406456
2032.125	6.222183191
2032.208333	6.222959926
2032.291667	6.223736661
2032.375	6.224513396
2032.458333	6.225290131
2032.541667	6.226066866
2032.625	6.2268436
2032.708333	6.227620335
2032.791667	6.22839707
2032.875	6.229173805
2032.958333	6.22995054
2033.041667	6.230727275
2033.125	6.23150401
2033.208333	6.232280744
2033.291667	6.233057479
2033.375	6.233834214
2033.458333	6.234610949
2033.541667	6.235387684
2033.625	6.236164419
2033.708333	6.236941154
2033.791667	6.237717888
2033.875	6.238494623
2033.958333	6.239271358
2034.041667	6.240048093
2034.125	6.240824828
2034.208333	6.241601563
2034.291667	6.242378297
2034.375	6.243155032
2034.458333	6.243931767
2034.541667	6.244708502
2034.625	6.245485237
2034.708333	6.246261972
2034.791667	6.247038707
2034.875	6.247815441
2034.958333	6.248592176
2035.041667	6.249368911
2035.125	6.250145646
2035.208333	6.250922381
2035.291667	6.251699116
2035.375	6.252475851
2035.458333	6.253252585
2035.541667	6.25402932
2035.625	6.254806055
2035.708333	6.25558279
2035.791667	6.256359525
2035.875	6.25713626
2035.958333	6.257912995
2036.041667	6.258689729
2036.125	6.259466464
2036.208333	6.260243199
2036.291667	6.261019934
2036.375	6.261796669
2036.458333	6.262573404
2036.541667	6.263350139
2036.625	6.264126873
2036.708333	6.264903608
2036.791667	6.265680343
2036.875	6.266457078
2036.958333	6.267233813
2037.041667	6.268010548
2037.125	6.268787283
2037.208333	6.269564017
2037.291667	6.270340752
2037.375	6.271117487
2037.458333	6.271894222
2037.541667	6.272670957
2037.625	6.273447692
2037.708333	6.274224427
2037.791667	6.275001161
2037.875	6.275777896
2037.958333	6.276554631
2038.041667	6.277331366
2038.125	6.278108101
2038.208333	6.278884836
2038.291667	6.279661571
2038.375	6.280438305
2038.458333	6.28121504
2038.541667	6.281991775
2038.625	6.28276851
2038.708333	6.283545245
2038.791667	6.28432198
2038.875	6.285098715
2038.958333	6.285875449
2039.041667	6.286652184
2039.125	6.287428919
2039.208333	6.288205654
2039.291667	6.288982389
2039.375	6.289759124
2039.458333	6.290535859
2039.541667	6.291312593
2039.625	6.292089328
2039.708333	6.292866063
2039.791667	6.293642798
2039.875	6.294419533
2039.958333	6.295196268
2040.041667	6.295973003
2040.125	6.296749737
2040.208333	6.297526472
2040.291667	6.298303207
2040.375	6.299079942
2040.458333	6.299856677
2040.541667	6.300633412
2040.625	6.301410146
2040.708333	6.302186881
2040.791667	6.302963616
2040.875	6.303740351
2040.958333	6.304517086
2041.041667	6.305293821
2041.125	6.306070556
2041.208333	6.30684729
2041.291667	6.307624025
2041.375	6.30840076
2041.458333	6.309177495
2041.541667	6.30995423
2041.625	6.310730965
2041.708333	6.3115077
2041.791667	6.312284434
2041.875	6.313061169
2041.958333	6.313837904
2042.041667	6.314614639
2042.125	6.315391374
2042.208333	6.316168109
2042.291667	6.316944844
2042.375	6.317721578
2042.458333	6.318498313
2042.541667	6.319275048
2042.625	6.320051783
2042.708333	6.320828518
2042.791667	6.321605253
2042.875	6.322381988
2042.958333	6.323158722
2043.041667	6.323935457
2043.125	6.324712192
2043.208333	6.325488927
2043.291667	6.326265662
2043.375	6.327042397
2043.458333	6.327819132
2043.541667	6.328595866
2043.625	6.329372601
2043.708333	6.330149336
2043.791667	6.330926071
2043.875	6.331702806
2043.958333	6.332479541
2044.041667	6.333256276
2044.125	6.33403301
2044.208333	6.334809745
2044.291667	6.33558648
2044.375	6.336363215
2044.458333	6.33713995
2044.541667	6.337916685
2044.625	6.33869342
2044.708333	6.339470154
2044.791667	6.340246889
2044.875	6.341023624
2044.958333	6.341800359
2045.041667	6.342577094
2045.125	6.343353829
2045.208333	6.344130564
2045.291667	6.344907298
2045.375	6.345684033
2045.458333	6.346460768
2045.541667	6.347237503
2045.625	6.348014238
2045.708333	6.348790973
2045.791667	6.349567708
2045.875	6.350344442
2045.958333	6.351121177
2046.041667	6.351897912
2046.125	6.352674647
2046.208333	6.353451382
2046.291667	6.354228117
2046.375	6.355004852
2046.458333	6.355781586
2046.541667	6.356558321
2046.625	6.357335056
2046.708333	6.358111791
2046.791667	6.358888526
2046.875	6.359665261
2046.958333	6.360441995
2047.041667	6.36121873
2047.125	6.361995465
2047.208333	6.3627722
2047.291667	6.363548935
2047.375	6.36432567
2047.458333	6.365102405
2047.541667	6.365879139
2047.625	6.366655874
2047.708333	6.367432609
2047.791667	6.368209344
2047.875	6.368986079
2047.958333	6.369762814
2048.041667	6.370539549
2048.125	6.371316283
2048.208333	6.372093018
2048.291667	6.372869753
2048.375	6.373646488
2048.458333	6.374423223
2048.541667	6.375199958
2048.625	6.375976693
2048.708333	6.376753427
2048.791667	6.377530162
2048.875	6.378306897
2048.958333	6.379083632
2049.041667	6.379860367
2049.125	6.380637102
2049.208333	6.381413837
2049.291667	6.382190571
2049.375	6.382967306
2049.458333	6.383744041
2049.541667	6.384520776
2049.625	6.385297511
2049.708333	6.386074246
2049.791667	6.386850981
2049.875	6.387627715
2049.958333	6.38840445
2050.041667	6.389181185
2050.125	6.38995792
2050.208333	6.390734655
2050.291667	6.39151139
2050.375	6.392288125
2050.458333	6.393064859
2050.541667	6.393841594
2050.625	6.394618329
2050.708333	6.395395064
2050.791667	6.396171799
2050.875	6.396948534
2050.958333	6.397725269
2051.041667	6.398502003
2051.125	6.399278738
2051.208333	6.400055473
2051.291667	6.400832208
2051.375	6.401608943
2051.458333	6.402385678
2051.541667	6.403162413
2051.625	6.403939147
2051.708333	6.404715882
2051.791667	6.405492617
2051.875	6.406269352
2051.958333	6.407046087
2052.041667	6.407822822
2052.125	6.408599557
2052.208333	6.409376291
2052.291667	6.410153026
2052.375	6.410929761
2052.458333	6.411706496
2052.541667	6.412483231
2052.625	6.413259966
2052.708333	6.414036701
2052.791667	6.414813435
2052.875	6.41559017
2052.958333	6.416366905
2053.041667	6.41714364
2053.125	6.417920375
2053.208333	6.41869711
2053.291667	6.419473844
2053.375	6.420250579
2053.458333	6.421027314
2053.541667	6.421804049
2053.625	6.422580784
2053.708333	6.423357519
2053.791667	6.424134254
2053.875	6.424910988
2053.958333	6.425687723
2054.041667	6.426464458
2054.125	6.427241193
2054.208333	6.428017928
2054.291667	6.428794663
2054.375	6.429571398
2054.458333	6.430348132
2054.541667	6.431124867
2054.625	6.431901602
2054.708333	6.432678337
2054.791667	6.433455072
2054.875	6.434231807
2054.958333	6.435008542
2055.041667	6.435785276
2055.125	6.436562011
2055.208333	6.437338746
2055.291667	6.438115481
2055.375	6.438892216
2055.458333	6.439668951
2055.541667	6.440445686
2055.625	6.44122242
2055.708333	6.441999155
2055.791667	6.44277589
2055.875	6.443552625
2055.958333	6.44432936
2056.041667	6.445106095
2056.125	6.44588283
2056.208333	6.446659564
2056.291667	6.447436299
2056.375	6.448213034
2056.458333	6.448989769
2056.541667	6.449766504
2056.625	6.450543239
2056.708333	6.451319974
2056.791667	6.452096708
2056.875	6.452873443
2056.958333	6.453650178
2057.041667	6.454426913
2057.125	6.455203648
2057.208333	6.455980383
2057.291667	6.456757118
2057.375	6.457533852
2057.458333	6.458310587
2057.541667	6.459087322
2057.625	6.459864057
2057.708333	6.460640792
2057.791667	6.461417527
2057.875	6.462194262
2057.958333	6.462970996
2058.041667	6.463747731
2058.125	6.464524466
2058.208333	6.465301201
2058.291667	6.466077936
2058.375	6.466854671
2058.458333	6.467631406
2058.541667	6.46840814
2058.625	6.469184875
2058.708333	6.46996161
2058.791667	6.470738345
2058.875	6.47151508
2058.958333	6.472291815
2059.041667	6.47306855
2059.125	6.473845284
2059.208333	6.474622019
2059.291667	6.475398754
2059.375	6.476175489
2059.458333	6.476952224
2059.541667	6.477728959
2059.625	6.478505693
2059.708333	6.479282428
2059.791667	6.480059163
2059.875	6.480835898
2059.958333	6.481612633
2060.041667	6.482389368
2060.125	6.483166103
2060.208333	6.483942837
2060.291667	6.484719572
2060.375	6.485496307
2060.458333	6.486273042
2060.541667	6.487049777
2060.625	6.487826512
2060.708333	6.488603247
2060.791667	6.489379981
2060.875	6.490156716
2060.958333	6.490933451
2061.041667	6.491710186
2061.125	6.492486921
2061.208333	6.493263656
2061.291667	6.494040391
2061.375	6.494817125
2061.458333	6.49559386
2061.541667	6.496370595
2061.625	6.49714733
2061.708333	6.497924065
2061.791667	6.4987008
2061.875	6.499477535
2061.958333	6.500254269
2062.041667	6.501031004
2062.125	6.501807739
2062.208333	6.502584474
2062.291667	6.503361209
2062.375	6.504137944
2062.458333	6.504914679
2062.541667	6.505691413
2062.625	6.506468148
2062.708333	6.507244883
2062.791667	6.508021618
2062.875	6.508798353
2062.958333	6.509575088
2063.041667	6.510351823
2063.125	6.511128557
2063.208333	6.511905292
2063.291667	6.512682027
2063.375	6.513458762
2063.458333	6.514235497
2063.541667	6.515012232
2063.625	6.515788967
2063.708333	6.516565701
2063.791667	6.517342436
2063.875	6.518119171
2063.958333	6.518895906
2064.041667	6.519672641
2064.125	6.520449376
2064.208333	6.521226111
2064.291667	6.522002845
2064.375	6.52277958
2064.458333	6.523556315
2064.541667	6.52433305
2064.625	6.525109785
2064.708333	6.52588652
2064.791667	6.526663255
2064.875	6.527439989
2064.958333	6.528216724
2065.041667	6.528993459
2065.125	6.529770194
2065.208333	6.530546929
2065.291667	6.531323664
2065.375	6.532100399
2065.458333	6.532877133
2065.541667	6.533653868
2065.625	6.534430603
2065.708333	6.535207338
2065.791667	6.535984073
2065.875	6.536760808
2065.958333	6.537537542
2066.041667	6.538314277
2066.125	6.539091012
2066.208333	6.539867747
2066.291667	6.540644482
2066.375	6.541421217
2066.458333	6.542197952
2066.541667	6.542974686
2066.625	6.543751421
2066.708333	6.544528156
2066.791667	6.545304891
2066.875	6.546081626
2066.958333	6.546858361
2067.041667	6.547635096
2067.125	6.54841183
2067.208333	6.549188565
2067.291667	6.5499653
2067.375	6.550742035
2067.458333	6.55151877
2067.541667	6.552295505
2067.625	6.55307224
2067.708333	6.553848974
2067.791667	6.554625709
2067.875	6.555402444
2067.958333	6.556179179
2068.041667	6.556955914
2068.125	6.557732649
2068.208333	6.558509384
2068.291667	6.559286118
2068.375	6.560062853
2068.458333	6.560839588
2068.541667	6.561616323
2068.625	6.562393058
2068.708333	6.563169793
2068.791667	6.563946528
2068.875	6.564723262
2068.958333	6.565499997
2069.041667	6.566276732
2069.125	6.567053467
2069.208333	6.567830202
2069.291667	6.568606937
2069.375	6.569383672
2069.458333	6.570160406
2069.541667	6.570937141
2069.625	6.571713876
2069.708333	6.572490611
2069.791667	6.573267346
2069.875	6.574044081
2069.958333	6.574820816
2070.041667	6.57559755
2070.125	6.576374285
2070.208333	6.57715102
2070.291667	6.577927755
2070.375	6.57870449
2070.458333	6.579481225
2070.541667	6.58025796
2070.625	6.581034694
2070.708333	6.581811429
2070.791667	6.582588164
2070.875	6.583364899
2070.958333	6.584141634
2071.041667	6.584918369
2071.125	6.585695104
2071.208333	6.586471838
2071.291667	6.587248573
2071.375	6.588025308
2071.458333	6.588802043
2071.541667	6.589578778
2071.625	6.590355513
2071.708333	6.591132248
2071.791667	6.591908982
2071.875	6.592685717
2071.958333	6.593462452
2072.041667	6.594239187
2072.125	6.595015922
2072.208333	6.595792657
2072.291667	6.596569391
2072.375	6.597346126
2072.458333	6.598122861
2072.541667	6.598899596
2072.625	6.599676331
2072.708333	6.600453066
2072.791667	6.601229801
2072.875	6.602006535
2072.958333	6.60278327
2073.041667	6.603560005
2073.125	6.60433674
2073.208333	6.605113475
2073.291667	6.60589021
2073.375	6.606666945
2073.458333	6.607443679
2073.541667	6.608220414
2073.625	6.608997149
2073.708333	6.609773884
2073.791667	6.610550619
2073.875	6.611327354
2073.958333	6.612104089
2074.041667	6.612880823
2074.125	6.613657558
2074.208333	6.614434293
2074.291667	6.615211028
2074.375	6.615987763
2074.458333	6.616764498
2074.541667	6.617541233
2074.625	6.618317967
2074.708333	6.619094702
2074.791667	6.619871437
2074.875	6.620648172
2074.958333	6.621424907
2075.041667	6.622201642
2075.125	6.622978377
2075.208333	6.623755111
2075.291667	6.624531846
2075.375	6.625308581
2075.458333	6.626085316
2075.541667	6.626862051
2075.625	6.627638786
2075.708333	6.628415521
2075.791667	6.629192255
2075.875	6.62996899
2075.958333	6.630745725
2076.041667	6.63152246
2076.125	6.632299195
2076.208333	6.63307593
2076.291667	6.633852665
2076.375	6.634629399
2076.458333	6.635406134
2076.541667	6.636182869
2076.625	6.636959604
2076.708333	6.637736339
2076.791667	6.638513074
2076.875	6.639289809
2076.958333	6.640066543
2077.041667	6.640843278
2077.125	6.641620013
2077.208333	6.642396748
2077.291667	6.643173483
2077.375	6.643950218
2077.458333	6.644726953
2077.541667	6.645503687
2077.625	6.646280422
2077.708333	6.647057157
2077.791667	6.647833892
2077.875	6.648610627
2077.958333	6.649387362
2078.041667	6.650164097
2078.125	6.650940831
2078.208333	6.651717566
2078.291667	6.652494301
2078.375	6.653271036
2078.458333	6.654047771
2078.541667	6.654824506
2078.625	6.65560124
2078.708333	6.656377975
2078.791667	6.65715471
2078.875	6.657931445
2078.958333	6.65870818
2079.041667	6.659484915
2079.125	6.66026165
2079.208333	6.661038384
2079.291667	6.661815119
2079.375	6.662591854
2079.458333	6.663368589
2079.541667	6.664145324
2079.625	6.664922059
2079.708333	6.665698794
2079.791667	6.666475528
2079.875	6.667252263
2079.958333	6.668028998
2080.041667	6.668805733
2080.125	6.669582468
2080.208333	6.670359203
2080.291667	6.671135938
2080.375	6.671912672
2080.458333	6.672689407
2080.541667	6.673466142
2080.625	6.674242877
2080.708333	6.675019612
2080.791667	6.675796347
2080.875	6.676573082
2080.958333	6.677349816
2081.041667	6.678126551
2081.125	6.678903286
2081.208333	6.679680021
2081.291667	6.680456756
2081.375	6.681233491
2081.458333	6.682010226
2081.541667	6.68278696
2081.625	6.683563695
2081.708333	6.68434043
2081.791667	6.685117165
2081.875	6.6858939
2081.958333	6.686670635
2082.041667	6.68744737
2082.125	6.688224104
2082.208333	6.689000839
2082.291667	6.689777574
2082.375	6.690554309
2082.458333	6.691331044
2082.541667	6.692107779
2082.625	6.692884514
2082.708333	6.693661248
2082.791667	6.694437983
2082.875	6.695214718
2082.958333	6.695991453
2083.041667	6.696768188
2083.125	6.697544923
2083.208333	6.698321658
2083.291667	6.699098392
2083.375	6.699875127
2083.458333	6.700651862
2083.541667	6.701428597
2083.625	6.702205332
2083.708333	6.702982067
2083.791667	6.703758802
2083.875	6.704535536
2083.958333	6.705312271
2084.041667	6.706089006
2084.125	6.706865741
2084.208333	6.707642476
2084.291667	6.708419211
2084.375	6.709195946
2084.458333	6.70997268
2084.541667	6.710749415
2084.625	6.71152615
2084.708333	6.712302885
2084.791667	6.71307962
2084.875	6.713856355
2084.958333	6.714633089
2085.041667	6.715409824
2085.125	6.716186559
2085.208333	6.716963294
2085.291667	6.717740029
2085.375	6.718516764
2085.458333	6.719293499
2085.541667	6.720070233
2085.625	6.720846968
2085.708333	6.721623703
2085.791667	6.722400438
2085.875	6.723177173
2085.958333	6.723953908
2086.041667	6.724730643
2086.125	6.725507377
2086.208333	6.726284112
2086.291667	6.727060847
2086.375	6.727837582
2086.458333	6.728614317
2086.541667	6.729391052
2086.625	6.730167787
2086.708333	6.730944521
2086.791667	6.731721256
2086.875	6.732497991
2086.958333	6.733274726
2087.041667	6.734051461
2087.125	6.734828196
2087.208333	6.735604931
2087.291667	6.736381665
2087.375	6.7371584
2087.458333	6.737935135
2087.541667	6.73871187
2087.625	6.739488605
2087.708333	6.74026534
2087.791667	6.741042075
2087.875	6.741818809
2087.958333	6.742595544
2088.041667	6.743372279
2088.125	6.744149014
2088.208333	6.744925749
2088.291667	6.745702484
2088.375	6.746479219
2088.458333	6.747255953
2088.541667	6.748032688
2088.625	6.748809423
2088.708333	6.749586158
2088.791667	6.750362893
2088.875	6.751139628
2088.958333	6.751916363
2089.041667	6.752693097
2089.125	6.753469832
2089.208333	6.754246567
2089.291667	6.755023302
2089.375	6.755800037
2089.458333	6.756576772
2089.541667	6.757353507
2089.625	6.758130241
2089.708333	6.758906976
2089.791667	6.759683711
2089.875	6.760460446
2089.958333	6.761237181
2090.041667	6.762013916
2090.125	6.762790651
2090.208333	6.763567385
2090.291667	6.76434412
2090.375	6.765120855
2090.458333	6.76589759
2090.541667	6.766674325
2090.625	6.76745106
2090.708333	6.768227795
2090.791667	6.769004529
2090.875	6.769781264
2090.958333	6.770557999
2091.041667	6.771334734
2091.125	6.772111469
2091.208333	6.772888204
2091.291667	6.773664938
2091.375	6.774441673
2091.458333	6.775218408
2091.541667	6.775995143
2091.625	6.776771878
2091.708333	6.777548613
2091.791667	6.778325348
2091.875	6.779102082
2091.958333	6.779878817
2092.041667	6.780655552
2092.125	6.781432287
2092.208333	6.782209022
2092.291667	6.782985757
2092.375	6.783762492
2092.458333	6.784539226
2092.541667	6.785315961
2092.625	6.786092696
2092.708333	6.786869431
2092.791667	6.787646166
2092.875	6.788422901
2092.958333	6.789199636
2093.041667	6.78997637
2093.125	6.790753105
2093.208333	6.79152984
2093.291667	6.792306575
2093.375	6.79308331
2093.458333	6.793860045
2093.541667	6.79463678
2093.625	6.795413514
2093.708333	6.796190249
2093.791667	6.796966984
2093.875	6.797743719
2093.958333	6.798520454
2094.041667	6.799297189
2094.125	6.800073924
2094.208333	6.800850658
2094.291667	6.801627393
2094.375	6.802404128
2094.458333	6.803180863
2094.541667	6.803957598
2094.625	6.804734333
2094.708333	6.805511068
2094.791667	6.806287802
2094.875	6.807064537
2094.958333	6.807841272
2095.041667	6.808618007
2095.125	6.809394742
2095.208333	6.810171477
2095.291667	6.810948212
2095.375	6.811724946
2095.458333	6.812501681
2095.541667	6.813278416
2095.625	6.814055151
2095.708333	6.814831886
2095.791667	6.815608621
2095.875	6.816385356
2095.958333	6.81716209
2096.041667	6.817938825
2096.125	6.81871556
2096.208333	6.819492295
2096.291667	6.82026903
2096.375	6.821045765
2096.458333	6.8218225
2096.541667	6.822599234
2096.625	6.823375969
2096.708333	6.824152704
2096.791667	6.824929439
2096.875	6.825706174
2096.958333	6.826482909
2097.041667	6.827259644
2097.125	6.828036378
2097.208333	6.828813113
2097.291667	6.829589848
2097.375	6.830366583
2097.458333	6.831143318
2097.541667	6.831920053
2097.625	6.832696787
2097.708333	6.833473522
2097.791667	6.834250257
2097.875	6.835026992
2097.958333	6.835803727
2098.041667	6.836580462
2098.125	6.837357197
2098.208333	6.838133931
2098.291667	6.838910666
2098.375	6.839687401
2098.458333	6.840464136
2098.541667	6.841240871
2098.625	6.842017606
2098.708333	6.842794341
2098.791667	6.843571075
2098.875	6.84434781
2098.958333	6.845124545
2099.041667	6.84590128
2099.125	6.846678015
2099.208333	6.84745475
2099.291667	6.848231485
2099.375	6.849008219
2099.458333	6.849784954
2099.541667	6.850561689
2099.625	6.851338424
2099.708333	6.852115159
2099.791667	6.852891894
2099.875	6.853668629
2099.958333	6.854445363
2100.041667	6.855222098
2100.125	6.855998833
2100.208333	6.856775568
2100.291667	6.857552303
2100.375	6.858329038
2100.458333	6.859105773
2100.541667	6.859882507
2100.625	6.860659242
2100.708333	6.861435977
2100.791667	6.862212712
2100.875	6.862989447
2100.958333	6.863766182
2101.041667	6.864542917
2101.125	6.865319651
2101.208333	6.866096386
2101.291667	6.866873121
2101.375	6.867649856
2101.458333	6.868426591
2101.541667	6.869203326
2101.625	6.869980061
2101.708333	6.870756795
2101.791667	6.87153353
2101.875	6.872310265
2101.958333	6.873087
2102.041667	6.873863735
2102.125	6.87464047
2102.208333	6.875417205
2102.291667	6.876193939
2102.375	6.876970674
2102.458333	6.877747409
2102.541667	6.878524144
2102.625	6.879300879
2102.708333	6.880077614
2102.791667	6.880854349
2102.875	6.881631083
2102.958333	6.882407818
2103.041667	6.883184553
2103.125	6.883961288
2103.208333	6.884738023
2103.291667	6.885514758
2103.375	6.886291493
2103.458333	6.887068227
2103.541667	6.887844962
2103.625	6.888621697
2103.708333	6.889398432
2103.791667	6.890175167
2103.875	6.890951902
2103.958333	6.891728636
2104.041667	6.892505371
2104.125	6.893282106
2104.208333	6.894058841
2104.291667	6.894835576
2104.375	6.895612311
2104.458333	6.896389046
2104.541667	6.89716578
2104.625	6.897942515
2104.708333	6.89871925
2104.791667	6.899495985
2104.875	6.90027272
2104.958333	6.901049455
2105.041667	6.90182619
2105.125	6.902602924
2105.208333	6.903379659
2105.291667	6.904156394
2105.375	6.904933129
2105.458333	6.905709864
2105.541667	6.906486599
2105.625	6.907263334
2105.708333	6.908040068
2105.791667	6.908816803
2105.875	6.909593538
2105.958333	6.910370273
2106.041667	6.911147008
2106.125	6.911923743
2106.208333	6.912700478
2106.291667	6.913477212
2106.375	6.914253947
2106.458333	6.915030682
2106.541667	6.915807417
2106.625	6.916584152
2106.708333	6.917360887
2106.791667	6.918137622
2106.875	6.918914356
2106.958333	6.919691091
2107.041667	6.920467826
2107.125	6.921244561
2107.208333	6.922021296
2107.291667	6.922798031
2107.375	6.923574766
2107.458333	6.9243515
2107.541667	6.925128235
2107.625	6.92590497
2107.708333	6.926681705
2107.791667	6.92745844
2107.875	6.928235175
2107.958333	6.92901191
2108.041667	6.929788644
2108.125	6.930565379
2108.208333	6.931342114
2108.291667	6.932118849
2108.375	6.932895584
2108.458333	6.933672319
2108.541667	6.934449054
2108.625	6.935225788
2108.708333	6.936002523
2108.791667	6.936779258
2108.875	6.937555993
2108.958333	6.938332728
2109.041667	6.939109463
2109.125	6.939886198
2109.208333	6.940662932
2109.291667	6.941439667
2109.375	6.942216402
2109.458333	6.942993137
2109.541667	6.943769872
2109.625	6.944546607
2109.708333	6.945323342
2109.791667	6.946100076
2109.875	6.946876811
2109.958333	6.947653546
2110.041667	6.948430281
2110.125	6.949207016
2110.208333	6.949983751
2110.291667	6.950760485
2110.375	6.95153722
2110.458333	6.952313955
2110.541667	6.95309069
2110.625	6.953867425
2110.708333	6.95464416
2110.791667	6.955420895
2110.875	6.956197629
2110.958333	6.956974364
2111.041667	6.957751099
2111.125	6.958527834
2111.208333	6.959304569
2111.291667	6.960081304
2111.375	6.960858039
2111.458333	6.961634773
2111.541667	6.962411508
2111.625	6.963188243
2111.708333	6.963964978
2111.791667	6.964741713
2111.875	6.965518448
2111.958333	6.966295183
2112.041667	6.967071917
2112.125	6.967848652
2112.208333	6.968625387
2112.291667	6.969402122
2112.375	6.970178857
2112.458333	6.970955592
2112.541667	6.971732327
2112.625	6.972509061
2112.708333	6.973285796
2112.791667	6.974062531
2112.875	6.974839266
2112.958333	6.975616001