11.47075733
7.311001272
6.951359913
6.341603857
6.25423448
6.21052066
6.15986892
6.034771525
5.965618055
5.95872929
5.906888765
5.8614655
5.846164207
5.661571087
5.534389222
5.502759872
5.500333147
5.468834877
5.45807755
5.384584012
5.290023662
5.218021117
5.176562895
5.169592205
5.164046967
5.140740942
5.132100855
5.113786638
5.107474965
5.104649552
5.099364645
5.098232292
5.086717637
5.081416345
5.070895685
5.060121972
5.055594392
5.054804295
5.02964136
5.00726379
5.007092662
4.995528852
4.993892225
4.990602585
4.97169306
4.969779717
4.961034042
4.959177132
4.926042235
4.913631895
4.905716365
4.889242673
4.884372837
4.882792642
4.857287452
4.854258142
4.853671942
4.843737482
4.841156015
4.839730562
4.82902239
4.795186597
4.793477152
4.791913342
4.789845258
4.7732241
4.771653012
4.77078099
4.76960859
4.761310757
4.756530125
4.753500815
4.74866375
4.743655557
4.724616782
4.718933187
4.710659017
4.698607317
4.6808793
4.672206442
4.668867647
4.668387035
4.667109047
4.659559435
4.654682322
4.648851262
4.645284907
4.644030582
4.641946112
4.63957582
4.62817586
4.628159475
4.62179137
4.62172583
4.61081376
4.6035172
4.599763332
4.599111592
4.596269795
4.591343527
4.591050427
4.582980155
4.573273255
4.566335335
4.563362457
4.554290912
4.552858182
4.550569815
4.548558162
4.541123245
4.5402931
4.537971962
4.529486617
4.52270344
4.520935732
4.508818492
4.502190057
4.494307297
4.48139996
4.479331875
4.478884032
4.47449481
4.45905516
4.457573275
4.457320222
4.453069357
4.452743487
4.44895685
4.448199522
4.447442195
4.44420171
4.44267067
4.440708172
4.438509007
4.432914615
4.426628435
4.421774985
4.420178405
4.41635172
4.41260513
4.40908793
4.404274527
4.396921535
4.396196977
4.394926267
4.383395227
4.36784999
4.35781722
4.356115052
4.353306025
4.353134897
4.350243945
4.350089202
4.348916802
4.341620242
4.327010737
4.326131437
4.321188785
4.32
4.30537411
4.30504824
4.299226287
4.296490077
4.295301293
4.292068085
4.291636627
4.290626247
4.280537045
4.27514655
4.269437462
4.25501547
4.248900417
4.24354997
4.240447842
4.238778445
4.238061165
4.235683595
4.234185325
4.232874567
4.218126705
4.211245217
4.207303837
4.20687238
4.202173672
4.194356452
4.183566355
4.183444382
4.181327142
4.17993446
4.179421077
4.174478425
4.173981427
4.173118512
4.170952117
4.16843619
4.168281447
4.165943925
4.16328964
4.15804478
4.157181865
4.155772797
4.155578007
4.153460767
4.152841797
4.15237757
4.151587472
4.151277987
4.146506462
4.143704712
4.136994352
4.134543965
4.132499542
4.132157287
4.128330603
4.12775168
4.126424537
4.117418532
4.11231203
4.11048789
4.109746947
4.109470232
4.10778445
4.105496082
4.10452758
4.103427997
4.1017586
4.095252137
4.092328415
4.091514655
4.080431457
4.074991807
4.072825412
4.070830145
4.069266335
4.069127977
4.068680135
4.067695247
4.064665937
4.064218095
4.0638103
4.063533585
4.061864187
4.060316762
4.059038775
4.057866375
4.05511378
4.053826685
4.049714177
4.048745675
4.047629707
4.045479697
4.044412885
4.042548697
4.042532312
4.037678862
4.035749135
4.03302931
4.029690515
4.025887492
4.025545237
4.020724557
4.019885305
4.01967413
4.018297832
4.01664482
4.015202982
4.015031855
4.01387584
4.01211724
4.00625341
3.999535772
3.99084653
3.986855995
3.985903877
3.9826379
3.982002545
3.980642632
3.97745858
3.97534134
3.973052972
3.972776257
3.97022756
3.969918075
3.967922807
3.967662477
3.966473692
3.965219367
3.9641034
3.963378842
3.962621515
3.962483157
3.96208447
3.961090475
3.960968502
3.960072817
3.956302565
3.954445655
3.94931549
3.948623702
3.945170212
3.945097395
3.941807755
3.935512467
3.931554702
3.926009465
3.921261602
3.916098667
3.912450387
3.910365917
3.908973235
3.904837065
3.89749135
3.896180592
3.895821952
3.894567627
3.892271983
3.891481885
3.888215907
3.887613322
3.886954305
3.881929727
3.88120517
3.88110686
3.879193517
3.876147822
3.874738755
3.872393955
3.870382302
3.87019479
3.868452575
3.867369377
3.865130165
3.862719825
3.860675402
3.85628618
3.848574547
3.84690515
3.846766792
3.84566721
3.843721097
3.84299654
3.840504275
3.840138357
3.836595665
3.835976695
3.834942652
3.833859455
3.83149827
3.831017657
3.830398687
3.826661205
3.825561622
3.82543965
3.82540688
3.82508101
3.82241034
3.8211724
3.820862915
3.817906422
3.81569998
3.815324955
3.812687055
3.81201893
3.80657928
3.805064625
3.803411612
3.799624975
3.797711632
3.79472237
3.794119785
3.792222827
3.791896957
3.787955577
3.783753867
3.779657745
3.779006005
3.77752412
3.776440922
3.774959037
3.773207715
3.771709445
3.769144362
3.76898962
3.76723102
3.766799562
3.763599125
3.761962497
3.758802107
3.757149095
3.75482068
3.753346072
3.753240485
3.752239212
3.749983615
3.748419805
3.747988347
3.747507735
3.74289823
3.742140902
3.741383575
3.73938103
3.739160747
3.738525392
3.73446204
3.731880572
3.724633167
3.719209902
3.71693792
3.714511195
3.714152555
3.71358274
3.713167667
3.708712905
3.70837065
3.70719825
3.705423265
3.703688327
3.703102127
3.702947385
3.698093935
3.69361551
3.690415072
3.687402147
3.685390495
3.68478791
3.682931
3.679950845
3.677646092
3.67596031
3.673965042
3.673012925
3.672466772
3.671294372
3.667059892
3.665235752
3.661538317
3.657939192
3.656734022
3.65332241
3.650471505
3.649828872
3.647352992
3.647336607
3.646684867
3.64325687
3.63928272
3.637768065
3.637385762
3.632361185
3.632295645
3.632035315
3.630040047
3.627214635
3.624340067
3.62296377
3.61814309
3.61811032
3.616815948
3.613770252
3.61113963
3.609071545
3.60654651
3.599812487
3.59840342
3.595871107
3.584975422
3.58384307
3.5820517
3.578248677
3.576391767
3.572809027
3.572515927
3.571449115
3.564860727
3.564079737
3.561831417
3.560211175
3.55869652
3.55573275
3.54475514
3.539796102
3.534877112
3.533997812
3.527043507
3.525357725
3.520984887
3.519453847
3.508541777
3.508265062
3.507596937
3.505789182
3.496237025
3.48683961
3.486457307
3.47990169
3.464323682
3.462654285
3.46107409
3.45846896
3.45198616
3.451228832
3.44592754
3.436701252
3.428354265
3.423085742
3.415854722
3.413924995
3.41026033
3.40055343
3.394909882
3.394600397
3.39390861
3.392565082
3.38442927
3.38413617
3.379503002
3.377800835
3.374063352
3.36716548
3.362588745
3.35996723
3.35416894
3.354014197
3.350276715
3.34599308
3.331847802
3.3305862
3.32661205
3.308314217
3.303151282
3.271742215
3.257027122
3.245838337
3.236082282
3.230691787
3.22563444
3.21755689
3.19143273
3.186750407
3.18605862
3.180349532
3.1523448
3.102255597
2.880056432
2.869299105