17.33151466
13.1717586
12.81211724
12.20236118
12.11499181
12.07127799
12.02062625
11.89552885
11.82637538
11.81948662
11.76764609
11.72222283
11.70692153
11.52232841
11.39514655
11.3635172
11.36109047
11.3295922
11.31883488
11.24534134
11.15078099
11.07877845
11.03732022
11.03034953
11.02480429
11.00149827
10.99285818
10.97454397
10.96823229
10.96540688
10.96012197
10.95898962
10.94747496
10.94217367
10.93165301
10.9208793
10.91635172
10.91556162
10.89039869
10.86802112
10.86784999
10.85628618
10.85464955
10.85135991
10.83245039
10.83053704
10.82179137
10.81993446
10.78679956
10.77438922
10.76647369
10.75
10.74513017
10.74354997
10.71804478
10.71501547
10.71442927
10.70449481
10.70191334
10.70048789
10.68977972
10.65594392
10.65423448
10.65267067
10.65060259
10.63398143
10.63241034
10.63153832
10.63036592
10.62206808
10.61728745
10.61425814
10.60942108
10.60441288
10.58537411
10.57969052
10.57141634
10.55936465
10.54163663
10.53296377
10.52962497
10.52914436
10.52786638
10.52031676
10.51543965
10.50960859
10.50604224
10.50478791
10.50270344
10.50033315
10.48893319
10.4889168
10.4825487
10.48248316
10.47157109
10.46427453
10.46052066
10.45986892
10.45702712
10.45210086
10.45180776
10.44373748
10.43403058
10.42709266
10.42411978
10.41504824
10.41361551
10.41132714
10.40931549
10.40188057
10.40105043
10.39872929
10.39024394
10.38346077
10.38169306
10.36957582
10.36294738
10.35506462
10.34215729
10.3400892
10.33964136
10.33525214
10.31981249
10.3183306
10.31807755
10.31382668
10.31350081
10.30971418
10.30895685
10.30819952
10.30495904
10.303428
10.3014655
10.29926633
10.29367194
10.28738576
10.28253231
10.28093573
10.27710905
10.27336246
10.26984526
10.26503185
10.25767886
10.25695431
10.25568359
10.24415255
10.22860732
10.21857455
10.21687238
10.21406335
10.21389222
10.21100127
10.21084653
10.20967413
10.20237757
10.18776806
10.18688876
10.18194611
10.18075733
10.16613144
10.16580557
10.15998362
10.15724741
10.15605862
10.15282541
10.15239396
10.15138357
10.14129437
10.13590388
10.13019479
10.1157728
10.10965775
10.1043073
10.10120517
10.09953577
10.09881849
10.09644092
10.09494265
10.0936319
10.07888403
10.07200254
10.06806116
10.06762971
10.062931
10.05511378
10.04432368
10.04420171
10.04208447
10.04069179
10.0401784
10.03523575
10.03473875
10.03387584
10.03170944
10.02919352
10.02903877
10.02670125
10.02404697
10.01880211
10.01793919
10.01653012
10.01633534
10.0142181
10.01359913
10.0131349
10.0123448
10.01203531
10.00726379
10.00446204
9.99775168
9.995301293
9.99325687
9.992914615
9.98908793
9.988509007
9.987181865
9.97817586
9.973069357
9.971245217
9.970504275
9.97022756
9.968541777
9.96625341
9.965284907
9.964185325
9.962515927
9.956009465
9.953085742
9.952271983
9.941188785
9.935749135
9.93358274
9.931587472
9.930023662
9.929885305
9.929437462
9.928452575
9.925423265
9.924975422
9.924567627
9.924290912
9.922621515
9.92107409
9.919796102
9.918623702
9.915871107
9.914584012
9.910471505
9.909503002
9.908387035
9.906237025
9.905170212
9.903306025
9.90328964
9.89843619
9.896506462
9.893786638
9.890447842
9.88664482
9.886302565
9.881481885
9.880642632
9.880431457
9.87905516
9.877402147
9.87596031
9.875789182
9.874633167
9.872874567
9.867010737
9.8602931
9.851603857
9.847613322
9.846661205
9.843395227
9.842759872
9.84139996
9.838215907
9.836098667
9.8338103
9.833533585
9.830984887
9.830675402
9.828680135
9.828419805
9.82723102
9.825976695
9.824860727
9.82413617
9.823378842
9.823240485
9.822841797
9.821847802
9.82172583
9.820830145
9.817059892
9.815202982
9.810072817
9.80938103
9.80592754
9.805854722
9.802565082
9.796269795
9.79231203
9.786766792
9.78201893
9.776855995
9.773207715
9.771123245
9.769730562
9.765594392
9.758248677
9.75693792
9.75657928
9.755324955
9.75302931
9.752239212
9.748973235
9.74837065
9.747711632
9.742687055
9.741962497
9.741864187
9.739950845
9.73690515
9.735496082
9.733151282
9.73113963
9.730952117
9.729209902
9.728126705
9.725887492
9.723477152
9.72143273
9.717043507
9.709331875
9.707662477
9.70752412
9.706424537
9.704478425
9.703753867
9.701261602
9.700895685
9.697352992
9.696734022
9.69569998
9.694616782
9.692255597
9.691774985
9.691156015
9.687418532
9.68631895
9.686196977
9.686164207
9.685838337
9.683167667
9.681929727
9.681620242
9.67866375
9.676457307
9.676082282
9.673444382
9.672776257
9.667336607
9.665821952
9.66416894
9.660382302
9.65846896
9.655479697
9.654877112
9.652980155
9.652654285
9.648712905
9.644511195
9.640415072
9.639763332
9.638281447
9.63719825
9.635716365
9.633965042
9.632466772
9.62990169
9.629746947
9.627988347
9.62755689
9.624356452
9.622719825
9.619559435
9.617906422
9.615578007
9.6141034
9.613997812
9.61299654
9.610740942
9.609177132
9.608745675
9.608265062
9.603655557
9.60289823
9.602140902
9.600138357
9.599918075
9.59928272
9.595219367
9.5926379
9.585390495
9.57996723
9.577695247
9.575268522
9.574909882
9.574340067
9.573924995
9.569470232
9.569127977
9.567955577
9.566180592
9.564445655
9.563859455
9.563704712
9.558851262
9.554372837
9.5511724
9.548159475
9.546147822
9.545545237
9.543688327
9.540708172
9.53840342
9.536717637
9.53472237
9.533770252
9.5332241
9.5320517
9.52781722
9.52599308
9.522295645
9.51869652
9.51749135
9.514079737
9.511228832
9.5105862
9.50811032
9.508093935
9.507442195
9.504014197
9.500040047
9.498525392
9.49814309
9.493118512
9.493052972
9.492792642
9.490797375
9.487971962
9.485097395
9.483721097
9.478900417
9.478867647
9.477573275
9.47452758
9.471896957
9.469828872
9.467303837
9.460569815
9.459160747
9.456628435
9.44573275
9.444600397
9.442809027
9.439006005
9.437149095
9.433566355
9.433273255
9.432206442
9.425618055
9.424837065
9.422588745
9.420968502
9.419453847
9.416490077
9.405512467
9.40055343
9.39563444
9.39475514
9.387800835
9.386115052
9.381742215
9.380211175
9.369299105
9.36902239
9.368354265
9.36654651
9.356994352
9.347596937
9.347214635
9.340659017
9.32508101
9.323411612
9.321831417
9.319226287
9.312743487
9.31198616
9.306684867
9.29745858
9.289111592
9.28384307
9.27661205
9.274682322
9.271017657
9.261310757
9.25566721
9.255357725
9.254665937
9.25332241
9.245186597
9.244893497
9.24026033
9.238558162
9.23482068
9.227922807
9.223346072
9.220724557
9.214926267
9.214771525
9.211034042
9.206750407
9.19260513
9.191343527
9.187369377
9.169071545
9.16390861
9.132499542
9.11778445
9.106595665
9.09683961
9.091449115
9.086391767
9.078314217
9.052190057
9.047507735
9.046815948
9.04110686
9.013102127
8.963012925
8.74081376
8.730056432