17.4950974
13.33534134
12.97569998
12.36594392
12.27857455
12.23486073
12.18420899
12.05911159
11.98995812
11.98306936
11.93122883
11.88580557
11.87050427
11.68591115
11.55872929
11.52709994
11.52467321
11.49317494
11.48241762
11.40892408
11.31436373
11.24236119
11.20090296
11.19393227
11.18838703
11.16508101
11.15644092
11.13812671
11.13181503
11.12898962
11.12370471
11.12257236
11.1110577
11.10575641
11.09523575
11.08446204
11.07993446
11.07914436
11.05398143
11.03160386
11.03143273
11.01986892
11.01823229
11.01494265
10.99603313
10.99411978
10.98537411
10.9835172
10.9503823
10.93797196
10.93005643
10.91358274
10.90871291
10.90713271
10.88162752
10.87859821
10.87801201
10.86807755
10.86549608
10.86407063
10.85336246
10.81952666
10.81781722
10.81625341
10.81418533
10.79756417
10.79599308
10.79512106
10.79394866
10.78565082
10.78087019
10.77784088
10.77300382
10.76799562
10.74895685
10.74327326
10.73499908
10.72294739
10.70521937
10.69654651
10.69320771
10.6927271
10.69144912
10.6838995
10.67902239
10.67319133
10.66962498
10.66837065
10.66628618
10.66391589
10.65251593
10.65249954
10.64613144
10.6460659
10.63515383
10.62785727
10.6241034
10.62345166
10.62060986
10.6156836
10.6153905
10.60732022
10.59761332
10.5906754
10.58770252
10.57863098
10.57719825
10.57490988
10.57289823
10.56546331
10.56463317
10.56231203
10.55382668
10.54704351
10.5452758
10.53315856
10.52653012
10.51864736
10.50574003
10.50367194
10.5032241
10.49883488
10.48339523
10.48191334
10.48166029
10.47740942
10.47708355
10.47329692
10.47253959
10.47178226
10.46854178
10.46701074
10.46504824
10.46284907
10.45725468
10.4509685
10.44611505
10.44451847
10.44069179
10.4369452
10.433428
10.42861459
10.4212616
10.42053705
10.41926633
10.40773529
10.39219006
10.38215729
10.38045512
10.37764609
10.37747496
10.37458401
10.37442927
10.37325687
10.36596031
10.3513508
10.3504715
10.34552885
10.34434007
10.32971418
10.32938831
10.32356636
10.32083015
10.31964136
10.31640815
10.3159767
10.31496631
10.30487711
10.29948662
10.29377753
10.27935554
10.27324049
10.26789004
10.26478791
10.26311851
10.26240123
10.26002366
10.25852539
10.25721464
10.24246677
10.23558528
10.2316439
10.23121245
10.22651374
10.21869652
10.20790642
10.20778445
10.20566721
10.20427453
10.20376114
10.19881849
10.19832149
10.19745858
10.19529218
10.19277626
10.19262151
10.19028399
10.18762971
10.18238485
10.18152193
10.18011286
10.17991808
10.17780084
10.17718187
10.17671764
10.17592754
10.17561805
10.17084653
10.16804478
10.16133442
10.15888403
10.15683961
10.15649735
10.15267067
10.15209175
10.1507646
10.1417586
10.1366521
10.13482796
10.13408701
10.1338103
10.13212452
10.12983615
10.12886765
10.12776806
10.12609867
10.1195922
10.11666848
10.11585472
10.10477153
10.09933188
10.09716548
10.09517021
10.0936064
10.09346804
10.0930202
10.09203532
10.08900601
10.08855816
10.08815037
10.08787365
10.08620425
10.08465683
10.08337884
10.08220644
10.07945385
10.07816675
10.07405424
10.07308574
10.07196977
10.06981976
10.06875295
10.06688877
10.06687238
10.06201893
10.0600892
10.05736938
10.05403058
10.05022756
10.0498853
10.04506463
10.04422537
10.0440142
10.0426379
10.04098489
10.03954305
10.03937192
10.03821591
10.03645731
10.03059348
10.02387584
10.0151866
10.01119606
10.01024395
10.00697797
10.00634261
10.0049827
10.00179865
9.999681407
9.99739304
9.997116325
9.994567627
9.994258142
9.992262875
9.992002545
9.99081376
9.989559435
9.988443467
9.98771891
9.986961582
9.986823225
9.986424537
9.985430542
9.98530857
9.984412885
9.980642632
9.978785722
9.973655557
9.97296377
9.96951028
9.969437462
9.966147822
9.959852535
9.95589477
9.950349532
9.94560167
9.940438735
9.936790455
9.934705985
9.933313302
9.929177132
9.921831417
9.92052066
9.92016202
9.918907695
9.91661205
9.915821952
9.912555975
9.91195339
9.911294372
9.906269795
9.905545237
9.905446927
9.903533585
9.90048789
9.899078822
9.896734022
9.89472237
9.894534857
9.892792642
9.891709445
9.889470232
9.887059892
9.88501547
9.880626247
9.872914615
9.871245217
9.87110686
9.870007277
9.868061165
9.867336607
9.864844342
9.864478425
9.860935732
9.860316762
9.85928272
9.858199522
9.855838337
9.855357725
9.854738755
9.851001272
9.84990169
9.849779717
9.849746947
9.849421077
9.846750407
9.845512467
9.845202982
9.84224649
9.840040047
9.839665022
9.837027122
9.836358997
9.830919347
9.829404692
9.82775168
9.823965042
9.8220517
9.819062437
9.818459852
9.816562895
9.816237025
9.812295645
9.808093935
9.803997812
9.803346072
9.801864187
9.80078099
9.799299105
9.797547782
9.796049512
9.79348443
9.793329687
9.791571087
9.79113963
9.787939192
9.786302565
9.783142175
9.781489162
9.779160747
9.77768614
9.777580552
9.77657928
9.774323682
9.772759872
9.772328415
9.771847802
9.767238297
9.76648097
9.765723642
9.763721097
9.763500815
9.76286546
9.758802107
9.75622064
9.748973235
9.74354997
9.741277987
9.738851262
9.738492622
9.737922807
9.737507735
9.733052972
9.732710717
9.731538317
9.729763332
9.728028395
9.727442195
9.727287452
9.722434002
9.717955577
9.71475514
9.711742215
9.709730562
9.709127977
9.707271067
9.704290912
9.70198616
9.700300377
9.69830511
9.697352992
9.69680684
9.69563444
9.69139996
9.68957582
9.685878385
9.68227926
9.68107409
9.677662477
9.674811572
9.67416894
9.67169306
9.671676675
9.671024935
9.667596937
9.663622787
9.662108132
9.66172583
9.656701252
9.656635712
9.656375382
9.654380115
9.651554702
9.648680135
9.647303837
9.642483157
9.642450387
9.641156015
9.63811032
9.635479697
9.633411612
9.630886577
9.624152555
9.622743487
9.620211175
9.60931549
9.608183137
9.606391767
9.602588745
9.600731835
9.597149095
9.596855995
9.595789182
9.589200795
9.588419805
9.586171485
9.584551242
9.583036587
9.580072817
9.569095207
9.56413617
9.55921718
9.55833788
9.551383575
9.549697792
9.545324955
9.543793915
9.532881845
9.53260513
9.531937005
9.53012925
9.520577092
9.511179677
9.510797375
9.504241757
9.48866375
9.486994352
9.485414157
9.482809027
9.476326227
9.4755689
9.470267607
9.46104132
9.452694332
9.44742581
9.44019479
9.438265062
9.434600397
9.424893497
9.41924995
9.418940465
9.418248677
9.41690515
9.408769337
9.408476237
9.40384307
9.402140902
9.39840342
9.391505547
9.386928812
9.384307297
9.378509007
9.378354265
9.374616782
9.370333147
9.35618787
9.354926267
9.350952117
9.332654285
9.32749135
9.296082282
9.28136719
9.270178405
9.26042235
9.255031855
9.249974507
9.241896957
9.215772797
9.211090475
9.210398688
9.2046896
9.176684867
9.126595665
8.9043965
8.893639172