11.2880193
7.74347858
7.307170838
7.132882191
6.935133293
6.768893583
6.629497352
6.163756479
6.148536581
6.092611672
6.072098076
6.048915724
6.038041436
6.034439351
5.987358564
5.858030365
5.793767549
5.780551986
5.756502726
5.730458123
5.702908021
5.689305936
5.682589531
5.667152387
5.48628548
5.434356558
5.423283473
5.391058202
5.374945567
5.352000523
5.329298556
5.327065905
5.318442718
5.300180224
5.294247934
5.2834712
5.250469193
5.238818171
5.210656919
5.207947573
5.201354552
5.201155755
5.183688446
5.117261011
5.084465181
5.03598175
5.018641515
5.00191773
4.995024669
4.98472463
4.959283796
4.957080665
4.950934818
4.93630762
4.933381027
4.932596912
4.931647211
4.931126235
4.925598918
4.923373646
4.918897273
4.911820177
4.91067537
4.906383033
4.903883553
4.889504732
4.889186242
4.886018651
4.879674008
4.875501365
4.873749098
4.863872482
4.863095747
4.857459807
4.851231168
4.826567069
4.825812474
4.825205015
4.8188071
4.815913718
4.814822183
4.808116848
4.806592899
4.798716927
4.793966345
4.792398115
4.787572121
4.782911711
4.781737384
4.781523827
4.78035319
4.766401483
4.748735378
4.74472094
4.742322703
4.74037164
4.739594905
4.731223788
4.726180546
4.706769555
4.706465825
4.705437022
4.703265023
4.685223466
4.682116526
4.680960649
4.679977738
4.677076975
4.666191617
4.664919736
4.662784638
4.65162138
4.62756474
4.622506739
4.621531207
4.619996188
4.613561372
4.611321341
4.607340113
4.602510429
4.599005897
4.598037746
4.593760169
4.589962977
4.588529201
4.586975732
4.584446731
4.582687084
4.581339791
4.575609988
4.571242238
4.5706643
4.554551664
4.548127919
4.545808784
4.545230846
4.541744764
4.536660932
4.535606298
4.533778619
4.532604292
4.52911821
4.521730004
4.518120538
4.515714921
4.508923104
4.503088367
4.500450743
4.495917408
4.494630767
4.493276093
4.493009265
4.491718933
4.48755367
4.485302568
4.473069917
4.472983434
4.46628917
4.46598913
4.463944205
4.461032372
4.44911452
4.447148697
4.446187926
4.445884197
4.441129925
4.435508745
4.430870476
4.430075291
4.426581829
4.423662616
4.421152065
4.420848336
4.41631131
4.414757841
4.410158084
4.409088689
4.404143001
4.401553348
4.395212395
4.392412876
4.390172844
4.385790334
4.379587525
4.37630024
4.372416566
4.37191404
4.371711553
4.370645849
4.365313638
4.359775251
4.358311955
4.352998194
4.351328721
4.347940192
4.341809106
4.335512435
4.333001884
4.325895267
4.318323025
4.317665984
4.316690452
4.313981106
4.313962655
4.310097431
4.307647533
4.301426274
4.300454433
4.298825551
4.295696471
4.291834937
4.290281467
4.286397793
4.282694465
4.280563056
4.27910345
4.279092379
4.279028037
4.278251302
4.27785371
4.276679382
4.275902647
4.275125912
4.275009909
4.273193301
4.268532891
4.267377014
4.265823545
4.265707541
4.264627077
4.264338107
4.261812796
4.260566747
4.259201003
4.25475046
4.251643521
4.249891255
4.249692459
4.247163458
4.246859728
4.242394425
4.24192511
4.241148375
4.239396109
4.236686762
4.234525833
4.230852026
4.228341475
4.226563379
4.219399799
4.217932812
4.217929122
4.216491656
4.214623386
4.209699839
4.2091219
4.207643843
4.205816164
4.204641837
4.198626754
4.197669674
4.194562734
4.187343804
4.183290854
4.182514119
4.181538588
4.180945889
4.179872804
4.174045448
4.172683394
4.172203009
4.172105456
4.167925432
4.162491978
4.161343481
4.156105134
4.154949257
4.153774929
4.152889571
4.150866786
4.149681388
4.142123906
4.140255637
4.13724256
4.130472883
4.13036426
4.128904653
4.127943883
4.123879862
4.118135299
4.117730326
4.115692781
4.114360248
4.114161452
4.113463819
4.112679704
4.111227478
4.10317485
4.095122222
4.09474308
4.092777257
4.091455795
4.08504312
4.082893261
4.079208383
4.078829241
4.069189933
4.06754629
4.066979422
4.065425952
4.0647357
4.063294544
4.061741074
4.061542278
4.059988808
4.059609666
4.058709547
4.058435338
4.058214401
4.056881869
4.056758485
4.056683072
4.05630393
4.055891577
4.050447053
4.046206377
4.039677698
4.037745086
4.035332089
4.034157761
4.033958965
4.032026353
4.031827557
4.031722624
4.027159768
4.026788006
4.015516125
4.014529523
4.012427636
4.008543962
4.007369634
4.006386723
4.006281789
4.003850342
4.002300562
4.00193249
4.001534898
4.001422584
3.999782631
3.998247612
3.996960971
3.996675692
3.99629655
3.995309948
3.992307942
3.989580145
3.989482592
3.9860002
3.983947895
3.983669996
3.983092057
3.982315322
3.981527517
3.981358242
3.980382711
3.977654913
3.976878178
3.975216085
3.975020979
3.975013599
3.973268713
3.972976054
3.972585841
3.969887565
3.967448737
3.967178218
3.966600279
3.964848013
3.96442828
3.964154071
3.959790012
3.958424268
3.955700161
3.955527195
3.954930806
3.953973725
3.952221459
3.951902969
3.951444725
3.950750782
3.946585519
3.946405173
3.945786644
3.945429642
3.944255315
3.942701845
3.941545968
3.940968029
3.938326715
3.936968351
3.936108824
3.935107462
3.934927116
3.932803088
3.932593221
3.932401805
3.931336101
3.930093741
3.928919414
3.926210067
3.925114842
3.925035739
3.923681066
3.923658926
3.92316747
3.922904331
3.921549658
3.917467187
3.917062214
3.916473206
3.914938186
3.912607982
3.912409185
3.910874166
3.910476574
3.90879603
3.906213757
3.905617368
3.904262695
3.902709225
3.902330083
3.899478902
3.899223143
3.899024347
3.898048816
3.897470877
3.896484276
3.896116204
3.896097754
3.895317329
3.894544284
3.894345487
3.894244244
3.894240554
3.892874811
3.89223253
3.891144685
3.890859406
3.89067906
3.890480264
3.889703529
3.88881079
3.888330405
3.887441357
3.887354874
3.886795386
3.885819855
3.885422262
3.884645527
3.884334417
3.884067588
3.883362576
3.880761853
3.88035688
3.879880185
3.877474567
3.877456117
3.876101444
3.876079303
3.875306258
3.872600602
3.872499358
3.872217769
3.872037423
3.872018973
3.871838627
3.869287486
3.865227156
3.86317116
3.86190666
3.861163135
3.859013277
3.858832931
3.858705857
3.857658603
3.855725992
3.855129603
3.853651545
3.852022663
3.8503495
3.850288848
3.8475426
3.847437667
3.846094063
3.846007581
3.845628438
3.844818493
3.843876172
3.841628761
3.840548296
3.840266707
3.839992498
3.838702167
3.838315645
3.837662294
3.836086683
3.835910027
3.835595228
3.834555354
3.832112836
3.829696149
3.829670318
3.829317006
3.826589209
3.824259005
3.82348227
3.820574127
3.819598596
3.81786478
3.817846329
3.81753522
3.813583513
3.813204371
3.812987124
3.812979744
3.811831247
3.811253308
3.809302246
3.808525511
3.808521821
3.806990492
3.806870798
3.806867108
3.803865102
3.803861412
3.803553992
3.80348596
3.803106818
3.802131286
3.801433654
3.80037902
3.80036795
3.799403489
3.799204693
3.798427958
3.798034056
3.796694143
3.794941876
3.794363938
3.793785999
3.793568753
3.793565063
3.793369956
3.792214079
3.789970358
3.789002207
3.788908343
3.788131609
3.787842639
3.786964661
3.786957281
3.785411192
3.784844323
3.783467509
3.782199319
3.782134977
3.780581507
3.780183914
3.779985118
3.779489972
3.778319335
3.776499036
3.775921098
3.772795708
3.772690775
3.771639831
3.771441034
3.770483954
3.770086361
3.76911083
3.767756157
3.766856038
3.766570759
3.766202687
3.762120216
3.760765543
3.760386401
3.760071601
3.759865424
3.7578574
3.75754998
3.751245928
3.749512113
3.74724994
3.746480586
3.745032049
3.744851704
3.742521499
3.742210389
3.739493662
3.735711231
3.735414882
3.73475415
3.734536904
3.73067168
3.729894945
3.728142679
3.726390413
3.724836943
3.724060208
3.722972364
3.722705535
3.72192142
3.721332411
3.719876494
3.719797392
3.717069595
3.715887887
3.714638147
3.713763859
3.713384717
3.712806778
3.711325031
3.709572765
3.707767227
3.707748776
3.706791696
3.706578139
3.705400121
3.70503943
3.704461491
3.702296872
3.701733694
3.700776613
3.700559366
3.700259327
3.698991136
3.698416888
3.696892939
3.696874488
3.696495346
3.695898957
3.695339469
3.695321019
3.695140673
3.693388407
3.693272403
3.692033733
3.692004213
3.688900963
3.688727998
3.688218091
3.685621058
3.684341797
3.684041758
3.680544606
3.679583835
3.678431648
3.674168832
3.673771239
3.670863096
3.670649539
3.669974048
3.669193623
3.668930484
3.668026675
3.666184236
3.665703851
3.664649217
3.662896951
3.662878501
3.662517809
3.659778941
3.659388729
3.658409508
3.657351184
3.656668312
3.655906337
3.654172522
3.653576133
3.652007903
3.651842317
3.65161769
3.65006053
3.647835259
3.647759847
3.646375653
3.646278099
3.644833253
3.644454111
3.644330727
3.644074969
3.643846652
3.643099437
3.642698155
3.641715243
3.641520137
3.640739712
3.640570437
3.639793702
3.639016967
3.638637825
3.638439028
3.63786109
3.637445047
3.637257321
3.636885559
3.633579823
3.633073607
3.63222515
3.630653229
3.62909976
3.627763537
3.626379343
3.626011271
3.625234536
3.624457801
3.622495668
3.621823867
3.620949579
3.620772923
3.62037533
3.620176534
3.618821861
3.618243922
3.618045126
3.616176856
3.615534575
3.614825873
3.614559044
3.613366266
3.613005574
3.611650901
3.611039752
3.609898635
3.608146369
3.606972041
3.604840633
3.603655235
3.602885881
3.600758163
3.600270397
3.599999878
3.599966667
3.599486282
3.59880341
3.59785002
3.597452427
3.597272081
3.595718611
3.595403811
3.594150381
3.594052828
3.591636141
3.591256999
3.587734016
3.587174528
3.586776935
3.586198997
3.585497674
3.585241916
3.584056518
3.583752789
3.581437344
3.579804772
3.579767871
3.577741396
3.575324709
3.574236864
3.573970035
3.572615362
3.572101766
3.570747092
3.570465503
3.570067911
3.569707219
3.569688768
3.568912034
3.568510751
3.568507061
3.568153749
3.56504681
3.564443041
3.563673686
3.56349334
3.562788328
3.562319013
3.56193987
3.560964339
3.560187604
3.559212073
3.558225472
3.557632773
3.556090373
3.555328399
3.553196991
3.550090051
3.549313316
3.546863418
3.544652907
3.540769233
3.53941456
3.538994826
3.538420578
3.537264701
3.536664622
3.535017289
3.534540594
3.53443197
3.533977416
3.533200681
3.531816487
3.531516447
3.531249618
3.530274087
3.530263017
3.528720617
3.528713237
3.527167148
3.526986802
3.526672002
3.526574449
3.525613678
3.525111152
3.522206699
3.522127596
3.521350862
3.519020657
3.518623064
3.517268391
3.517088045
3.516889249
3.515335779
3.51473939
3.51318592
3.512488288
3.512030043
3.511632451
3.510743402
3.510078981
3.508345165
3.507936502
3.507640153
3.506765865
3.506371962
3.506195307
3.505418572
3.503684756
3.502311632
3.501234858
3.501047132
3.501043442
3.501036062
3.499801082
3.499602286
3.498229162
3.497073285
3.494165142
3.493951585
3.49318961
3.492810468
3.491614
3.48909607
3.488926794
3.48881448
3.488150059
3.487951263
3.487737706
3.484266385
3.483868792
3.48348965
3.482304252
3.481159445
3.480555676
3.479407179
3.478232852
3.475523505
3.475144363
3.474547974
3.474349178
3.472814158
3.471429964
3.471418894
3.471260689
3.470165464
3.469309626
3.468731688
3.468604614
3.466476896
3.465219775
3.464450421
3.463666306
3.459591215
3.457636463
3.457279461
3.45599651
3.45599282
3.454533214
3.454352868
3.453395787
3.452420256
3.451065582
3.448998516
3.448138989
3.447362254
3.445794024
3.445407502
3.441347171
3.440942199
3.439215763
3.438413198
3.436487966
3.434233174
3.434049138
3.43318223
3.432390735
3.431050822
3.428540272
3.427827879
3.425433332
3.424656597
3.422326393
3.422011593
3.419869114
3.416082993
3.415136983
3.413782309
3.410855716
3.409501042
3.409320697
3.408724308
3.408615684
3.40472832
3.404660287
3.404139311
3.404063898
3.403279783
3.402109146
3.399981428
3.398446409
3.397651223
3.395505055
3.39443566
3.393854032
3.393587203
3.392990814
3.389902325
3.389883875
3.388348855
3.387373324
3.386596589
3.384634457
3.383080987
3.382195629
3.377275771
3.375722301
3.374916046
3.37474677
3.373392097
3.371061892
3.369508423
3.369294866
3.364071279
3.361726314
3.361133615
3.359410869
3.358518131
3.358056196
3.352799398
3.35066799
3.35036057
3.350169154
3.348337785
3.344146691
3.343857722
3.335028359
3.33317854
3.332423946
3.332405495
3.330844645
3.327365944
3.323377336
3.3219288
3.316112514
3.314251624
3.31222884
3.311054512
3.308221782
3.306014961
3.304829563
3.303287164
3.290082671
3.28910714
3.287752466
3.287058524
3.285602608
3.282712915
3.28193618
3.279786322
3.279009587
3.278630445
3.278052506
3.276953591
3.276697833
3.273590893
3.273572443
3.272994504
3.270285157
3.265624748
3.264270075
3.263084677
3.262716605
3.258634135
3.255805094
3.252619052
3.247838949
3.24756105
3.247181908
3.246983112
3.246784315
3.243298234
3.238240232
3.237347494
3.232293182
3.231448415
3.230840955
3.223103128
3.22191035
3.219392419
3.219197313
3.213557682
3.211452105
3.210754473
3.210642159
3.210277777
3.209685078
3.206394103
3.201137305
3.200956959
3.200577817
3.200064221
3.193460129
3.192792018
3.19066061
3.179771561
3.179605976
3.177253631
3.177156077
3.169576455
3.168514441
3.158619374
3.158236542
3.149381349
3.148124228
3.143677376
3.142900641
3.137463497
3.137084355
3.134934496
3.127051144
3.122780947
3.10756843
3.095519815
3.094923426
3.08912559
3.08162507
3.074367628
3.068611994
3.06347489
3.053077297
3.052503049
3.047958643
3.040191294
3.036274409
3.019219453
3.01629286
3.015118532
3.009291176
3.005801404
3.005238226
3.003456439
2.975797714
2.967954953
2.935530885
2.920953269
2.920837265
2.70473201
2.693955275