18.1312525
13.97149644
13.61185508
13.00209902
12.91472965
12.87101583
12.82036409
12.69526669
12.62611322
12.61922446
12.56738393
12.52196067
12.50665937
12.32206625
12.19488439
12.16325504
12.16082831
12.12933004
12.11857272
12.04507918
11.95051883
11.87851629
11.83705806
11.83008737
11.82454213
11.80123611
11.79259602
11.77428181
11.76797013
11.76514472
11.75985981
11.75872746
11.7472128
11.74191151
11.73139085
11.72061714
11.71608956
11.71529946
11.69013653
11.66775896
11.66758783
11.65602402
11.65438739
11.65109775
11.63218823
11.63027488
11.62152921
11.6196723
11.5865374
11.57412706
11.56621153
11.54973784
11.54486801
11.54328781
11.51778262
11.51475331
11.51416711
11.50423265
11.50165118
11.50022573
11.48951756
11.45568176
11.45397232
11.45240851
11.45034043
11.43371927
11.43214818
11.43127616
11.43010376
11.42180592
11.41702529
11.41399598
11.40915892
11.40415072
11.38511195
11.37942836
11.37115418
11.35910249
11.34137447
11.33270161
11.32936281
11.3288822
11.32760422
11.3200546
11.31517749
11.30934643
11.30578008
11.30452575
11.30244128
11.30007099
11.28867103
11.28865464
11.28228654
11.282221
11.27130893
11.26401237
11.2602585
11.25960676
11.25676496
11.2518387
11.2515456
11.24347532
11.23376842
11.2268305
11.22385762
11.21478608
11.21335335
11.21106498
11.20905333
11.20161841
11.20078827
11.19846713
11.18998178
11.18319861
11.1814309
11.16931366
11.16268522
11.15480246
11.14189513
11.13982704
11.1393792
11.13498998
11.11955033
11.11806844
11.11781539
11.11356452
11.11323865
11.10945202
11.10869469
11.10793736
11.10469688
11.10316584
11.10120334
11.09900417
11.09340978
11.0871236
11.08227015
11.08067357
11.07684689
11.0731003
11.0695831
11.06476969
11.0574167
11.05669215
11.05542143
11.04389039
11.02834516
11.01831239
11.01661022
11.01380119
11.01363006
11.01073911
11.01058437
11.00941197
11.00211541
10.9875059
10.9866266
10.98168395
10.98049517
10.96586928
10.96554341
10.95972146
10.95698525
10.95579646
10.95256325
10.9521318
10.95112141
10.94103221
10.93564172
10.92993263
10.91551064
10.90939559
10.90404514
10.90094301
10.89927361
10.89855633
10.89617876
10.89468049
10.89336974
10.87862187
10.87174038
10.867799
10.86736755
10.86266884
10.85485162
10.84406152
10.84393955
10.84182231
10.84042963
10.83991624
10.83497359
10.83447659
10.83361368
10.83144728
10.82893136
10.82877661
10.82643909
10.82378481
10.81853995
10.81767703
10.81626796
10.81607318
10.81395594
10.81333697
10.81287274
10.81208264
10.81177315
10.80700163
10.80419988
10.79748952
10.79503913
10.79299471
10.79265245
10.78882577
10.78824685
10.7869197
10.7779137
10.7728072
10.77098306
10.77024211
10.7699654
10.76827962
10.76599125
10.76502275
10.76392316
10.76225377
10.7557473
10.75282358
10.75200982
10.74092663
10.73548698
10.73332058
10.73132531
10.7297615
10.72962314
10.7291753
10.72819042
10.72516111
10.72471326
10.72430547
10.72402875
10.72235935
10.72081193
10.71953394
10.71836154
10.71560895
10.71432185
10.71020934
10.70924084
10.70812487
10.70597486
10.70490805
10.70304387
10.70302748
10.69817403
10.6962443
10.69352448
10.69018568
10.68638266
10.6860404
10.68121973
10.68038047
10.6801693
10.678793
10.67713999
10.67569815
10.67552702
10.67437101
10.67261241
10.66674858
10.66003094
10.6513417
10.64735116
10.64639905
10.64313307
10.64249771
10.6411378
10.63795375
10.63583651
10.63354814
10.63327142
10.63072273
10.63041324
10.62841797
10.62815764
10.62696886
10.62571453
10.62459857
10.62387401
10.62311668
10.62297832
10.62257964
10.62158564
10.62146367
10.62056798
10.61679773
10.61494082
10.60981066
10.60911887
10.60566538
10.60559256
10.60230292
10.59600763
10.59204987
10.58650463
10.58175677
10.57659383
10.57294555
10.57086108
10.5694684
10.56533223
10.55798652
10.55667576
10.55631712
10.55506279
10.55276715
10.55197705
10.54871107
10.54810849
10.54744947
10.54242489
10.54170034
10.54160203
10.53968868
10.53664299
10.53523392
10.53288912
10.53087747
10.53068996
10.52894774
10.52786454
10.52562533
10.52321499
10.52117057
10.51678135
10.50906971
10.50740032
10.50726196
10.50616238
10.50421626
10.50349171
10.50099944
10.50063353
10.49709083
10.49647186
10.49543782
10.49435462
10.49199344
10.49151282
10.49089385
10.48715637
10.48605679
10.48593482
10.48590205
10.48557618
10.48290551
10.48166757
10.48135808
10.47840159
10.47619515
10.47582012
10.47318222
10.4725141
10.46707445
10.46555979
10.46390678
10.46012014
10.4582068
10.45521754
10.45461495
10.45271799
10.45239212
10.44845074
10.44424904
10.44015291
10.43950117
10.43801929
10.43693609
10.4354542
10.43370288
10.43220461
10.42963953
10.42948479
10.42772619
10.42729473
10.42409429
10.42245767
10.41929727
10.41764426
10.41531585
10.41384124
10.41373565
10.41273438
10.41047878
10.40891497
10.40848351
10.4080029
10.4033934
10.40263607
10.40187874
10.3998762
10.39965591
10.39902056
10.39495721
10.39237574
10.38512833
10.37970507
10.37743309
10.37500636
10.37464772
10.37407791
10.37366284
10.36920807
10.36886582
10.36769342
10.36591843
10.36418349
10.36359729
10.36344255
10.3585891
10.35411068
10.35091024
10.34789732
10.34588566
10.34528308
10.34342617
10.34044601
10.33814126
10.33645548
10.33446021
10.33350809
10.33296194
10.33178954
10.32755506
10.32573092
10.32203348
10.31843436
10.31722919
10.31381758
10.31096667
10.31032404
10.30784816
10.30783177
10.30718003
10.30375204
10.29977789
10.29826323
10.29788093
10.29285635
10.29279081
10.29253048
10.29053521
10.2877098
10.28483523
10.28345894
10.27863826
10.27860549
10.27731112
10.27426542
10.2716348
10.26956671
10.26704168
10.26030766
10.25889859
10.25636628
10.24547059
10.24433824
10.24254687
10.23874384
10.23688693
10.23330419
10.23301109
10.23194428
10.22535589
10.22457491
10.22232658
10.22070634
10.21919169
10.21622792
10.20525031
10.20029127
10.19537228
10.19449298
10.18753867
10.18585289
10.18148005
10.17994901
10.16903694
10.16876023
10.1680921
10.16628435
10.15673219
10.14733478
10.14695247
10.14039686
10.12481885
10.12314945
10.12156926
10.11896413
10.11248133
10.111724
10.10642271
10.09719642
10.08884943
10.08358091
10.07634989
10.07442016
10.0707555
10.0610486
10.05540505
10.05509556
10.05440378
10.05306025
10.04492444
10.04463134
10.03999817
10.038296
10.03455852
10.02766065
10.02308391
10.0204624
10.01466411
10.01450936
10.01077188
10.00648825
9.99234297
9.991081367
9.987107217
9.968809385
9.96364645
9.932237382
9.91752229
9.906333505
9.89657745
9.891186955
9.886129607
9.878052057
9.851927897
9.847245575
9.846553788
9.8408447
9.812839967
9.762750765
9.5405516
9.529794272